1
248
-93.0 -55.0
-94.0 -55.0
-96.0 -55.0
-100.0 -54.0
-106.0 -51.99999999999994
-113.0 -49.0
-120.0 -46.0
-128.0 -42.0
-137.0 -37.0
-148.0 -30.999999999999943
-160.0 -24.0
-172.00000000000003 -17.0
-185.0 -9.999999999999943
-199.00000000000003 -1.9999999999999432
-215.0 8.0
-229.0 18.0
-244.0 31.0
-256.0 43.0
-266.0 53.0
-276.0 62.0
-283.0 70.0
-288.0 79.0
-290.0 86.0
-291.0 91.0
-291.0 97.0
-290.0 106.0
-286.0 115.0
-279.0 124.0
-271.0 131.0
-261.0 139.0
-248.0 147.00000000000003
-234.0 156.0
-218.0 165.0
-198.0 174.00000000000003
-177.99999999999997 183.0
-156.99999999999997 191.0
-138.0 198.0
-119.0 204.0
-103.0 207.0
-89.0 211.0
-77.0 213.0
-64.0 215.0
-52.0 216.0
-40.0 216.0
-28.0 216.0
-14.0 215.0
-1.0 213.0
11.000000000000057 208.0
25.0 204.0
36.00000000000006 197.00000000000003
48.00000000000006 190.0
59.99999999999994 183.0
72.0 175.99999999999997
83.0 168.00000000000003
93.0 159.0
104.0 150.99999999999997
116.0 142.0
126.0 134.0
136.0 125.0
144.0 117.0
153.0 110.0
162.0 103.0
171.0 95.0
179.0 88.0
189.0 81.0
199.0 73.0
208.0 67.0
217.0 59.0
227.0 53.0
235.0 47.0
245.0 41.0
255.0 35.0
263.0 31.0
273.0 28.0
282.0 25.0
291.0 21.0
301.0 18.0
309.0 17.0
318.0 16.0
327.0 15.0
333.0 15.0
342.0 15.0
347.0 16.0
353.0 18.0
359.0 21.0
363.0 24.0
367.0 27.0
370.0 31.0
372.0 35.0
374.0 40.0
375.0 46.0
376.0 51.0
376.0 57.0
376.0 65.0
376.0 74.0
375.0 85.0
374.0 94.0
372.0 104.0
370.0 115.0
366.0 124.0
364.0 133.0
362.0 141.0
359.0 148.0
356.0 154.0
353.0 159.0
351.0 163.0
348.0 167.0
344.0 172.00000000000003
342.0 175.0
337.0 179.0
331.0 183.0
324.0 186.0
315.0 189.0
306.0 192.0
296.0 194.0
286.0 197.00000000000003
276.0 198.0
268.0 198.0
258.0 198.0
250.0 194.0
241.0 191.0
233.0 187.0
226.0 183.0
220.0 177.99999999999997
213.0 173.0
207.0 168.00000000000003
202.0 163.0
197.0 154.99999999999997
191.0 150.0
186.0 144.0
181.0 137.0
175.0 129.0
169.0 123.0
163.0 116.0
156.0 108.0
149.0 102.0
142.0 96.0
133.0 89.0
125.0 83.0
118.0 77.0
112.0 72.0
105.99999999999994 67.0
100.0 62.0
94.00000000000006 58.0
88.0 54.0
83.0 50.0
78.0 47.0
72.0 45.0
68.0 41.0
62.0 38.0
55.99999999999994 36.0
50.0 33.0
44.00000000000006 31.0
38.0 28.0
34.0 25.0
29.0 22.0
26.0 20.0
21.0 16.0
17.0 12.0
13.999999999999943 10.0
11.000000000000057 7.0
9.0 6.0
7.0 4.0
5.0 2.0
1.9999999999999432 1.0
0.0 -1.0
-1.0 -1.9999999999999432
-3.0 -3.0
-4.0 -4.0
-6.0 -5.999999999999943
-8.0 -7.0
-9.0 -9.0
-11.0 -9.999999999999943
-13.0 -12.0
-14.0 -13.0
-14.0 -15.000000000000057
-16.0 -17.0
-16.0 -18.0
-18.0 -19.000000000000057
-19.0 -22.0
-20.0 -24.0
-22.0 -26.0
-23.0 -28.0
-25.0 -30.999999999999943
-26.0 -32.0
-27.0 -33.0
-29.0 -34.0
-31.0 -36.00000000000006
-32.0 -36.00000000000006
-34.0 -38.0
-35.0 -38.0
-36.0 -40.00000000000006
-37.0 -41.0
-38.0 -42.0
-39.0 -43.0
-41.0 -44.00000000000006
-42.0 -45.0
-43.0 -45.0
-45.0 -45.0
-48.0 -46.0
-49.0 -47.0
-51.0 -48.00000000000006
-53.0 -48.00000000000006
-55.0 -48.00000000000006
-58.0 -48.00000000000006
-59.0 -49.0
-60.0 -49.0
-62.0 -49.0
-63.0 -49.0
-63.0 -50.0
-64.0 -50.0
-65.0 -50.0
-66.0 -50.0
-67.0 -50.0
-69.0 -50.0
-69.0 -51.0
-70.0 -51.0
-71.0 -51.0
-72.0 -51.0
-73.0 -51.0
-74.0 -51.0
-76.0 -51.99999999999994
-76.0 -53.0
-77.0 -53.0
-78.0 -53.0
-79.0 -53.0
-80.0 -53.0
-82.0 -53.0
-83.0 -53.0
-84.0 -53.0
-85.0 -53.0
-86.0 -53.0
-87.0 -53.0
-88.0 -53.0
-89.0 -53.0
-90.0 -53.0
-91.0 -53.0
-92.0 -53.0
-93.0 -53.0
-94.0 -53.0
-95.0 -54.0
-96.0 -54.0
-97.0 -54.0
-98.0 -55.0
-99.0 -55.0
-101.0 -55.99999999999994
-102.0 -55.99999999999994
-103.0 -57.0
